# Created by Octave 4.4.1, Thu Oct 18 18:00:06 2018 PDT <liqiang@dragon>
# name: model
# type: scalar struct
# ndims: 2
 1 1
# length: 6
# name: X
# type: matrix
# rows: 71
# columns: 2
 -0.0020463794617271488 0.24449772205156553
 -0.027626122733143844 -0.26219629433866193
 -0.0787856092759954 -0.26274165861785015
 -0.12994509581882879 -0.26276607791393325
 -0.15552483909026366 -0.15669823598877369
 -0.18110458236168034 -0.21474146228392255
 -0.20668432563309705 -0.16183298743730062
 -0.23226406890451373 0.071383499803928371
 -0.28342355544736531 -0.19742207733064202
 -0.30900329871878202 -0.2221689981758522
 -0.33458304199021688 -0.21877991730324048
 -0.36016278526163353 0.26362395001004735
 -0.38574252853305024 -0.080435333827113015
 -0.41132227180446695 -0.18218240083984752
 -0.43690201507590182 0.70224787434432645
 -0.46248175834731853 0.062699387634391521
 -0.48806150161873518 -0.24391650581657304
 -0.51364124489017005 -0.10078474722965992
 -0.53922098816158681 -0.25951017176952573
 -0.56480073143300347 -0.2538246931981013
 -0.59038047470442012 -0.20821744034706602
 -0.66711970451868841 -0.10223362546392126
 -0.69269944779012327 -0.25951017176952573
 -0.71827919106153992 -0.24716798685893965
 -0.74385893433295669 0.15683882644658384
 -0.76943867760437334 -0.12272942212758642
 -0.79501842087580821 0.14340821360090289
 -0.84617790741864163 -0.0585639277857695
 -0.89733739396149315 -0.25951017176952573
 -0.92291713723290991 -0.25544028908901634
 -0.99965636704717808 -0.25951017176952573
 -1.0252361103185947 -0.25540358749748593
 -1.1019753401328631 -0.0870025072139997
 -1.1275550834042798 -0.24381818559077728
 -1.1787145699471313 -0.251370406408507
 -1.204294313218548 9.394699233493581
 0.023533363809689543 -0.019003224180449169
 0.049113107081124416 -0.23835296042152132
 0.074692850352541112 -0.25055642987240512
 0.1002725936239578 -0.15926561171303716
 0.12585233689537451 -0.22288122764494131
 0.15143208016680937 0.26003273675223937
 0.17701182343822605 -0.21660897109263072
 0.20259156670964273 -0.16183298743730062
 0.22817130998107762 -0.18218240083984752
 0.25375105325249431 0.23934959296989075
 0.30491053979532767 -0.15165828073602716
 0.33049028306676259 -0.18218240083984752
 0.35607002633817925 0.29851551243779584
 0.43280925615244753 -0.12768667174782691
 0.45838899942386419 -0.18218240083984752
 0.4839687426952809 -0.063504621876194003
 0.53512822923813241 -0.241701960187338
 0.56070797250954918 -0.26317306618198422
 0.58628771578096583 -0.2473005237279976
 0.6118674590524007 -0.251370406408507
 0.63744720232381746 -0.26195210137783137
 0.66302694559523412 -0.13334380867373496
 0.68860668886666898 -0.18855042958068999
 0.71418643213808564 -0.074913046094457272
 0.7397661754095024 -0.26093413979845509
 0.76534591868091906 0.17186866916745083
 0.81650540522377058 -0.25247849301651587
 0.84208514849518734 2.2006255723913224
 0.8676648917666222 -0.25544028908901634
 0.91882437830945551 0.3469023476263719
 0.94440412158087228 -0.17722396939689955
 0.9955636081237238 -0.24323064104748821
 1.072302837937992 -0.043806389702528599
 1.0978825812094088 -0.26317306618198422
 1.1234623244808255 0.79387424482752622


# name: y
# type: matrix
# rows: 71
# columns: 1
 1
 1
 1
 1
 1
 1
 1
 1
 1
 1
 1
 1
 1
 1
 1
 1
 1
 1
 1
 1
 1
 1
 1
 1
 1
 1
 1
 1
 1
 1
 1
 1
 1
 1
 1
 1
 -1
 -1
 -1
 -1
 -1
 -1
 -1
 -1
 -1
 -1
 -1
 -1
 -1
 -1
 -1
 -1
 -1
 -1
 -1
 -1
 -1
 -1
 -1
 -1
 -1
 -1
 -1
 -1
 -1
 -1
 -1
 -1
 -1
 -1
 -1


# name: kernelFunction
# type: function handle
# octaveroot: /usr/local/Cellar/octave/4.4.1_1
# path: /Users/liqiang/coursera/machine-learning/machine-learning-ex6/ex6/linearKernel.m
linearKernel


# name: b
# type: scalar
0.00080100205570668437


# name: alphas
# type: matrix
# rows: 71
# columns: 1
 0.025000000000000001
 0.025000000000000001
 0.025000000000000001
 0.025000000000000001
 0.025000000000000001
 0.025000000000000001
 0.025000000000000001
 0.025000000000000001
 0.025000000000000001
 0.025000000000000001
 0.025000000000000001
 0.025000000000000001
 0.025000000000000001
 0.025000000000000001
 0.025000000000000001
 0.025000000000000001
 0.025000000000000001
 0.025000000000000001
 0.024472903603966745
 0.025000000000000001
 0.025000000000000001
 0.025000000000000001
 0.025000000000000001
 0.025000000000000001
 0.025000000000000001
 0.025000000000000001
 0.025000000000000001
 0.025000000000000001
 0.025000000000000001
 0.025000000000000001
 0.025000000000000001
 0.025000000000000001
 0.013192030956158923
 0.025000000000000001
 0.0076751074651068771
 0.0050694887878929597
 0.025000000000000001
 0.025000000000000001
 0.025000000000000001
 0.025000000000000001
 0.025000000000000001
 0.025000000000000001
 0.025000000000000001
 0.025000000000000001
 0.025000000000000001
 0.025000000000000001
 0.025000000000000001
 0.025000000000000001
 0.025000000000000001
 0.025000000000000001
 0.025000000000000001
 0.025000000000000001
 0.025000000000000001
 0.025000000000000001
 0.025000000000000001
 0.025000000000000001
 0.025000000000000001
 0.025000000000000001
 0.025000000000000001
 0.025000000000000001
 0.025000000000000001
 0.025000000000000001
 0.025000000000000001
 0.025000000000000001
 0.025000000000000001
 0.025000000000000001
 0.025000000000000001
 0.025000000000000001
 0.025000000000000001
 0.02163540255079412
 0.0037741282623313856


# name: w
# type: matrix
# rows: 2
# columns: 1
 -0.89769277784830992
 -0.0069008544935375057




